eye 50 50 100
look 50 50 10
up 0 1 0
d 5
bounds -2 -2 2 2
res 512 512
recursionLevel 6
ambient 0.2 0.2 0.2
eta 1.0
light 20 100 100 1 0.75 0.75 0.75
light 80 100 100 1 0.75 0.75 0.75
sphere 50 50 50 9 	0 0 0 	.5 .5 .5 	0 0 0 	0.9 0.9 0.9 	.2 .2 .2 	2.0
sphere 50 50 25 .01 	0 0 0 	1 0 0 	0 0 0 	0.9 0.9 0.9 	1 1 1 	1
#    center radius	ka		kd		ks		kr				ko		eta
sphere 50 50 20 5 	0 0 0 	0 1 0 	0 0 0 	0.9 0.9 0.9 	1 1 1 	1
sphere 40 40 20 5 	0 0 0 	0 1 1 	0 0 0 	0.9 0.9 0.9 	1 1 1 	1
sphere 40 60 20 5 	0 0 0 	1 1 0 	0 0 0 	0.9 0.9 0.9 	1 1 1 	1
sphere 60 40 20 5 	0 0 0 	1 0 1 	0 0 0 	0.9 0.9 0.9 	1 1 1 	1
sphere 60 60 20 5 	0 0 0 	0 0 1 	0 0 0 	0.9 0.9 0.9 	1 1 1 	1
