eye 50 50 150
look 50 50 -100
up 0 1 0
d 5
bounds -4 -4 4 4
res 512 512 
recursionLevel 3
ambient 0.1 0.1 0.1
light 50 100 100 1 0.3 0.3 0.3
light 50 0 100 1 0.3 0.3 0.3
light 0 50 100 1 0.3 0.3 0.3
light 100 50 100 1 0.3 0.3 0.3
#clockwise
sphere 50 100 20 12 0.2 0.2 0.2 0.0 1.0 0.0 0.50 0.50 0.50 0.9 0.9 0.9 1 1 1 1 
sphere 75 110 -10 15 0.2 0.2 0.2 0.0 0.94 0.33 0.50 0.50 0.50 0.9 0.9 0.9 1 1 1 1
sphere 85 85 20 12 0.2 0.2 0.2 0.0 0.76 0.63 0.50 0.50 0.50 0.9 0.9 0.9 1 1 1 1
sphere 100 50 20 12 0.2 0.2 0.2 0.0 0.35 0.93 0.50 0.50 0.50 0.9 0.9 0.9 1 1 1 1
sphere 110 25 -10 15 0.2 0.2 0.2 0.0 0.0 1.0 0.50 0.50 0.50 0.9 0.9 0.9 1 1 1 1
sphere 85 15 20 12 0.2 0.2 0.2 0.35 0.0 0.93 0.50 0.50 0.50 0.9 0.9 0.9 1 1 1 1
sphere 75 -10 -10 15 0.2 0.2 0.2 0.57 0.0 0.81 0.50 0.50 0.50 0.9 0.9 0.9 1 1 1 1
sphere 50 0 20 12 0.2 0.2 0.2 0.81 0.0 0.58 0.50 0.50 0.50 0.9 0.9 0.9 1 1 1 1
sphere 25 -10 -10 15 0.2 0.2 0.2 1.0 0.0 0.0 0.50 0.50 0.50 0.9 0.9 0.9 1 1 1 1
sphere 15 15 20 12 0.2 0.2 0.2 0.95 0.3 0.0 0.50 0.50 0.50 0.9 0.9 0.9 1 1 1 1
sphere -10 25 -10 15 0.2 0.2 0.2 0.87 0.5 0.0 0.50 0.50 0.50 0.9 0.9 0.9 1 1 1 1
sphere 0 50 20 12 0.2 0.2 0.2 0.76 0.64 0.0 0.50 0.50 0.50 0.9 0.9 0.9 1 1 1 1
sphere 110 75 -10 15 0.2 0.2 0.2 0.0 0.62 0.78 0.50 0.50 0.50 0.9 0.9 0.9 1 1 1 1
sphere -10 75 -10 15 0.2 0.2 0.2 1.0 1.0 0.0 0.50 0.50 0.50 0.9 0.9 0.9 1 1 1 1
sphere 25 110 -10 15 0.2 0.2 0.2 0.5 0.87 0.0 0.50 0.50 0.50 0.9 0.9 0.9 1 1 1 1
sphere 15 85 20 12 0.2 0.2 0.2 0.13 1.0 0.0 0.50 0.50 0.50 0.9 0.9 0.9 1 1 1 1
#backLarge
sphere 50 50 -110 80 0.2 0.2 0.2 0.0 0.0 0.0 0.1 0.1 0.1 0.9 0.9 0.9 1 1 1 1
#behind
sphere 50 50 90 30 0.2 0.2 0.2 1.0 1.0 1.0 0.50 0.50 0.50 0.9 0.9 0.9 .01 .01 .01 2

